1706.8,1782.6,2000
1711.3,1780.0,2000
1715.7,1777.4,2000
1720.1,1774.9,2000
1724.5,1772.4,2000
1728.9,1770.1,2000
1733.2,1767.7,2000
1737.6,1765.5,2000
1741.9,1763.3,2000
1746.2,1761.2,2000
1750.5,1759.1,2000
1754.8,1757.1,2000
1759.1,1755.1,2000
1763.4,1753.2,2000
1767.6,1751.3,2000
1771.9,1749.5,2000
1776.1,1747.8,2000
1780.4,1746.1,2000
1784.6,1744.4,2000
1788.8,1742.8,2000
1793.0,1741.3,2000
1797.2,1739.7,2000
1801.4,1738.3,2000
1805.6,1736.9,2000
1809.8,1735.5,2000
1814.0,1734.2,2000
1818.2,1732.9,2000
1822.3,1731.7,2000
1826.5,1730.5,2000
1830.7,1729.4,2000
1834.9,1728.3,2000
1839.0,1727.2,2000
1843.2,1726.2,2000
1847.4,1725.3,2000
1851.5,1724.4,2000
1855.7,1723.5,2000
1859.9,1722.6,2000
1864.1,1721.9,2000
1868.2,1721.1,2000
1872.4,1720.4,2000
1876.6,1719.8,2000
1880.8,1719.1,2000
1885.0,1718.6,2000
1889.2,1718.0,2000
1893.4,1717.6,2000
1897.6,1717.1,2000
1901.9,1716.7,2000
1906.1,1716.4,2000
1910.3,1716.0,2000
1914.6,1715.8,2000
1910.6,1710.3,2000
1906.7,1704.8,2000
1902.6,1699.4,2000
1898.5,1693.9,2000
1894.4,1688.4,2000
1890.2,1682.9,2000
1885.9,1677.4,2000
1881.6,1671.9,2000
1877.3,1666.4,2000
1872.9,1660.9,2000
1868.4,1655.4,2000
1863.9,1649.9,2000
1859.4,1644.4,2000
1854.8,1638.9,2000
1850.1,1633.4,2000
1845.4,1627.8,2000
1840.7,1622.3,2000
1835.9,1616.7,2000
1831.1,1611.2,2000
1826.2,1605.6,2000
1821.3,1600.0,2000
1816.3,1594.5,2000
1811.3,1588.9,2000
1806.3,1583.3,2000
1801.2,1577.7,2000
1796.1,1572.1,2000
1790.9,1566.5,2000
1785.7,1560.8,2000
1780.5,1555.2,2000
1775.2,1549.6,2000
1769.9,1543.9,2000
1764.6,1538.3,2000
1759.2,1532.6,2000
1753.8,1526.9,2000
1748.4,1521.2,2000
1742.9,1515.6,2000
1737.4,1509.9,2000
1731.9,1504.2,2000
1726.3,1498.5,2000
1720.8,1492.7,2000
1715.2,1487.0,2000
1709.6,1481.3,2000
1703.9,1475.6,2000
1698.2,1469.8,2000
1692.6,1464.1,2000
1686.8,1458.3,2000
1681.1,1452.6,2000
1675.4,1446.8,2000
1669.6,1441.0,2000
1663.8,1435.3,2000
1661.6,1436.5,2000
1659.4,1437.8,2000
1657.1,1439.2,2000
1654.8,1440.5,2000
1652.5,1441.9,2000
1650.2,1443.4,2000
1647.9,1444.9,2000
1645.5,1446.4,2000
1643.1,1447.9,2000
1640.6,1449.5,2000
1638.2,1451.2,2000
1635.7,1452.8,2000
1633.2,1454.5,2000
1630.7,1456.3,2000
1628.1,1458.0,2000
1625.6,1459.8,2000
1623.0,1461.7,2000
1620.4,1463.5,2000
1617.7,1465.4,2000
1615.0,1467.4,2000
1612.3,1469.4,2000
1609.6,1471.4,2000
1606.9,1473.4,2000
1604.1,1475.5,2000
1601.3,1477.6,2000
1598.5,1479.7,2000
1595.7,1481.9,2000
1592.8,1484.1,2000
1589.9,1486.4,2000
1587.0,1488.7,2000
1584.0,1491.0,2000
1581.1,1493.4,2000
1578.1,1495.8,2000
1575.0,1498.2,2000
1572.0,1500.7,2000
1568.9,1503.2,2000
1565.8,1505.7,2000
1562.6,1508.3,2000
1559.5,1510.9,2000
1556.3,1513.6,2000
1553.1,1516.3,2000
1549.8,1519.0,2000
1546.5,1521.8,2000
1543.2,1524.6,2000
1539.8,1527.4,2000
1536.5,1530.3,2000
1533.1,1533.3,2000
1529.6,1536.2,2000
1526.1,1539.3,2000
1522.6,1542.3,2000
1526.8,1547.1,2000
1530.9,1551.9,2000
1535.0,1556.8,2000
1539.1,1561.6,2000
1543.2,1566.5,2000
1547.3,1571.3,2000
1551.3,1576.2,2000
1555.3,1581.1,2000
1559.2,1586.1,2000
1563.2,1591.0,2000
1567.1,1596.0,2000
1570.9,1600.9,2000
1574.8,1605.9,2000
1578.6,1610.9,2000
1582.4,1616.0,2000
1586.2,1621.0,2000
1589.9,1626.0,2000
1593.6,1631.1,2000
1597.3,1636.2,2000
1600.9,1641.3,2000
1604.5,1646.5,2000
1608.1,1651.6,2000
1611.6,1656.8,2000
1615.1,1662.0,2000
1618.6,1667.2,2000
1622.1,1672.4,2000
1625.5,1677.6,2000
1628.9,1682.9,2000
1632.2,1688.2,2000
1635.5,1693.5,2000
1638.8,1698.8,2000
1642.0,1704.2,2000
1645.2,1709.5,2000
1648.4,1714.9,2000
1651.5,1720.4,2000
1654.6,1725.8,2000
1657.7,1731.3,2000
1660.7,1736.8,2000
1663.7,1742.3,2000
1666.6,1747.9,2000
1669.6,1753.4,2000
1672.4,1759.0,2000
1675.3,1764.7,2000
1678.1,1770.4,2000
1680.8,1776.1,2000
1683.5,1781.8,2000
1686.2,1787.6,2000
1688.8,1793.4,2000
1691.4,1799.3,2000
